8	400	VG36_Air Shot

1	36.05	0.00073	148
1	36.96	0.00080	150
1	38.06	0.00094	153
1	39.04	0.00247	155
1	39.98	0.04160	158

2	36.05	0.00061	163
2	36.96	0.00077	165
2	38.06	0.00085	168
2	39.04	0.00212	170
2	39.98	0.04043	173

3	36.05	0.00086	178
3	36.96	0.00090	180
3	38.06	0.00076	183
3	39.04	0.00199	185
3	39.98	0.04306	188

4	36.05	0.00084	193
4	36.96	0.00073	195
4	38.06	0.00082	198
4	39.04	0.00228	201
4	39.98	0.03994	203

5	36.05	0.00081	208
5	36.96	0.00073	211
5	38.06	0.00079	213
5	39.04	0.00231	216
5	39.98	0.04248	218

6	36.05	0.00080	223
6	36.96	0.00074	226
6	38.06	0.00079	228
6	39.04	0.00243	231
6	39.98	0.04142	233

7	36.05	0.00081	239
7	36.96	0.00062	241
7	38.06	0.00087	244
7	39.04	0.00226	246
7	39.98	0.04106	249

8	36.05	0.00060	254
8	36.96	0.00070	256
8	38.06	0.00079	259
8	39.04	0.00242	262
8	39.98	0.04029	264

