8	400	VG36_Air Shot

1	36.04	0.00085	148
1	36.96	0.00077	150
1	38.05	0.00097	152
1	39.03	0.00276	155
1	39.98	0.10529	157

2	36.04	0.00070	162
2	36.96	0.00094	165
2	38.05	0.00087	167
2	39.03	0.00283	170
2	39.98	0.10536	172

3	36.04	0.00082	177
3	36.96	0.00076	180
3	38.05	0.00117	182
3	39.03	0.00274	185
3	39.98	0.10240	187

4	36.04	0.00108	192
4	36.96	0.00076	195
4	38.05	0.00101	197
4	39.03	0.00250	200
4	39.98	0.10239	202

5	36.04	0.00104	207
5	36.96	0.00083	210
5	38.05	0.00090	213
5	39.03	0.00294	215
5	39.98	0.10388	218

6	36.04	0.00095	223
6	36.96	0.00079	225
6	38.05	0.00088	228
6	39.03	0.00277	231
6	39.98	0.10211	233

7	36.04	0.00099	238
7	36.96	0.00080	241
7	38.05	0.00108	244
7	39.03	0.00275	246
7	39.98	0.10568	249

8	36.04	0.00110	253
8	36.96	0.00079	256
8	38.05	0.00093	258
8	39.03	0.00259	261
8	39.98	0.10487	263

